-3396
-3996
-3252
-2948
-4304
-4368
-5516
-6244
-5788
-4852
-2672
-2228
492
692
2792
3928
4584
4624
4332
3204
3460
284
1536
-2504
-3560
-6296
-6284
-8088
-8140
-7332
-6292
-5124
-2784
-1852
-340
592
1828
3384
4292
5332
5416
6200
5980
4932
5076
4288
3756
2744
2712
1048
-472
-1840
-2792
-3468
-4532
-3664
-1120
-324
248
1700
2348
2200
3260
4164
5332
7448
7404
7632
8096
8304
7228
5976
6832
5332
4700
1432
2784
2504
1700
824
980
1320
-516
-744
-1332
-3256
-4336
-5324
-4828
-6356
-5164
-4764
-3552
-1052
-60
3580
2020
3132
5584
4928
5416
6264
3960
2580
2592
1620
-532
-140
332
1216
1580
5984
3668
-400
-132
-276
-336
-168
-340
-200
-228
-68
-212
-152
-252
-244
-144
-132
-260
-300
-192
-112
-296
-172
-264
-240
-196
-264
-156
-204
-288
-196
-204
-212
-216
-212
-208
-264
-272
76
-176
-636
-204
-3316
4112
1116
-972
-92
