-776
-800
-1336
-1052
-1168
-60
888
940
1876
2372
2996
2380
3520
1616
1488
588
-396
-452
-1760
-4420
-3128
-4216
-4656
-3940
-3688
-2092
-1648
380
1316
2184
2540
3136
3312
3200
3156
3432
3356
3168
2612
1676
1296
-640
-1016
-2732
-2916
-4060
-4212
-4160
-5828
-5636
-6708
-4964
-5036
-4036
-2936
-3140
-3848
-5012
-5712
-6396
-6808
-7120
-7676
-6952
-7580
-6184
-6236
-5404
-5656
-5336
-4420
-2152
-932
884
1524
2320
2416
2924
3132
3792
4868
4432
5000
4376
3972
3252
3276
1856
1860
-192
-268
-2800
-4120
-5140
-5408
-3608
-4076
-4760
-3480
-3420
-2152
-1824
1192
2800
2652
2684
2424
1496
1864
1264
460
3168
-68
5392
408
568
476
436
512
560
344
568
444
448
480
428
484
552
372
480
428
460
608
536
468
464
528
508
492
488
448
504
460
380
464
508
444
516
532
6884
-4068
768
784
-780
2188
1572
664
-1908
