16172
16632
14140
13700
14064
17196
14676
14576
14556
15420
16160
15240
17392
13876
15672
15120
15016
16164
14360
16664
15764
15660
16284
13636
15996
13000
15164
13624
15476
12772
16288
15072
15640
14976
16028
15460
15808
15700
15780
15716
14988
15712
14652
15088
15020
15616
15412
14428
16264
14740
14928
12960
14956
14084
16188
16904
14740
15876
14948
14452
14768
13792
14068
13020
14616
12604
14116
13108
13468
13024
13932
12796
16924
13464
16864
15020
15908
15324
15920
15048
18652
15696
15052
16008
14204
15816
15512
14936
12984
15848
14060
15684
14708
15304
15932
13836
14468
15140
15520
14492
14860
13936
14428
16336
18224
16324
15720
15324
16404
14260
14360
26916
3220
15976
16168
16192
15976
16164
16104
16208
16124
16256
16088
16148
16192
16292
16216
16160
16112
16072
16284
16124
16232
16160
16212
16112
16060
16168
16176
16156
16060
16212
16128
16116
16304
16168
16060
16004
15984
16156
15764
15912
16152
16208
17928
16244
16148
16396
