-240
-272
-296
-236
-204
-284
-224
-324
-248
-288
-212
-224
-216
-228
-136
-216
-184
-240
-180
-232
-280
-144
-188
-164
-180
-236
-224
-160
-280
-288
-160
-196
-192
-248
-172
-224
-176
-144
-276
-260
-260
-192
-148
-176
-240
-224
-148
-128
-272
-160
-204
-220
-344
-276
-184
-236
-84
-256
-248
-172
-228
-192
-236
-308
-300
-292
-176
-292
-228
-228
-276
-240
-240
-300
-156
-176
-240
-184
-228
-308
-200
-220
-232
-264
-156
-168
-156
-308
-144
-236
-256
-204
-208
-224
-180
-196
-240
-256
-168
-148
-140
-164
-112
-208
-288
-264
-288
-120
-248
-184
-376
-236
-232
-208
-184
-240
-140
-184
-272
-176
-208
-256
-284
-176
-200
-164
-128
-304
-272
-200
-228
-248
-172
-272
-216
-268
-224
-228
-164
-168
-268
-260
-252
-168
-160
-216
-224
-160
-296
-196
-148
-160
-244
-292
-156
-216
-180
-200
-192
-280
-272
-256
-192
-264
-148
-212
-276
-184
-216
-324
-192
-264
-204
-156
-196
-268
-236
-256
-216
-284
-192
-236
-192
-208
-196
-200
-184
-252
-160
-244
-248
-184
-224
-252
-252
-232
-184
-172
-236
-264
-352
-300
-252
-128
-192
-176
-244
-256
-264
-220
-252
-240
-252
-260
-140
-332
-148
-176
-144
-168
-236
-176
-272
-136
-80
-256
-156
-424
-340
-168
-436
-584
-280
-704
-1648
-2692
-3088
-4640
-6128
-8304
-9868
-11800
-14756
-13820
-12788
-15656
-15072
-16468
-15444
-15352
-15700
-16652
-14732
-15896
-15768
-15436
-15184
-16100
-15772
-15540
-15396
-15444
-15564
-14932
-14768
-15652
-15852
-15544
-15516
-14876
-16804
-15688
-15392
-15940
-15420
-15636
-16212
-16404
-17420
-18116
-16424
-15708
-14328
-13264
-12200
-8976
-7504
-5736
-4556
-3076
-516
124
3384
3084
3524
3588
4600
4236
3536
4096
3708
3460
3488
3612
3836
3672
3700
3556
3264
2948
3508
2964
3348
2956
3172
2964
3128
2976
2816
3076
2492
2788
2544
2484
2516
2192
2164
1888
1960
1672
1024
-960
-736
-916
-2260
-2752
-2080
-1284
-1904
-716
-568
-840
-388
196
168
348
188
-424
-56
-232
372
260
12
560
360
176
-68
56
-160
48
-76
184
100
56
268
348
196
4
204
296
-36
124
212
224
-28
-216
-272
-568
-856
-1068
-1828
-1896
-2492
-3352
-4648
-6052
-7476
-8140
-9384
-9408
-7612
-6616
-3616
-1644
-1832
-772
-444
780
-28
-132
-908
-1588
524
2048
416
2928
