132
172
208
108
80
252
120
148
124
116
160
156
232
196
124
160
136
88
120
108
124
96
156
164
12
148
176
144
176
84
132
224
104
200
220
156
132
220
180
64
152
148
96
108
148
212
192
116
120
168
80
160
216
220
172
156
76
200
152
140
80
72
188
188
80
104
108
48
192
172
40
208
192
180
180
148
264
120
52
192
204
136
232
212
196
192
196
116
144
120
84
92
120
180
148
144
104
160
104
200
180
192
204
220
220
108
156
144
172
156
164
132
100
128
128
104
92
144
148
140
152
152
112
164
164
80
72
172
172
188
152
120
36
80
100
116
204
48
176
76
212
212
180
64
88
56
176
100
-16
116
208
220
20
156
140
164
84
176
112
192
72
192
168
156
108
212
236
212
188
212
132
144
84
120
132
168
136
136
124
152
212
224
180
100
260
220
120
232
148
88
216
208
184
140
128
168
212
164
124
192
164
132
200
116
240
272
164
208
72
192
200
60
276
192
224
88
88
172
248
204
68
208
236
176
-4
124
16
16
220
148
52
36
188
-940
1164
1100
912
1208
596
812
1744
444
2568
1720
2504
936
960
1080
784
864
592
612
340
748
-124
184
36
416
520
168
172
-40
292
492
-20
248
-224
152
-28
0
64
8
-240
-20
-404
-76
-260
-316
-20
-1476
212
-4
768
328
448
384
-60
1184
404
1480
448
788
300
412
500
372
144
360
-348
688
100
332
28
176
160
356
352
164
60
592
308
388
304
576
112
100
252
160
232
152
72
276
248
192
340
180
-52
-80
96
128
588
1116
2772
3524
6500
6316
8972
8396
12708
10924
13568
11940
14308
15652
13480
14836
15268
18032
16768
16112
16236
16716
16168
16276
16048
16364
15796
16236
16064
16316
16200
16316
16264
16152
16220
16008
16176
16220
15964
16104
15980
16276
16160
16556
16192
16292
16048
16240
16332
16996
16720
17456
16472
14384
15312
13556
13400
11684
9420
10832
7716
7928
7652
4768
6240
2988
2664
1816
1952
612
1352
-536
1116
76
520
-348
