16220
16128
16328
16208
16144
15996
16172
16192
16208
16288
16144
16152
16096
16224
16256
16168
16416
16144
16144
16312
16228
16136
16180
16176
16116
16064
16156
16176
16092
16296
16104
16188
16192
16132
16088
16316
16280
16256
16252
16172
16132
16144
16216
16108
16188
16272
16088
16188
16168
16140
16188
16072
16176
16148
16192
16120
16172
16120
16100
16228
16016
16192
16160
15968
16124
16136
16068
16188
16108
16108
16020
16220
16056
16176
16136
16144
16080
16320
16252
16092
16072
16120
16088
16184
16100
16204
16044
16132
16188
16140
16252
16112
16236
16288
16164
16112
16096
16152
16144
16120
16216
16308
16180
16292
16200
16164
16264
16152
16060
16092
16180
16040
16004
16204
16204
16196
15952
16112
16180
16256
16252
16252
16280
16060
16260
16168
16240
16260
16140
16100
16208
16288
16128
16092
16236
16140
16148
16008
16048
16244
16136
16044
16376
16068
16136
16312
16228
16184
16072
16104
16144
16164
16308
16152
16120
16272
16160
16252
16144
16172
16080
16192
16252
16056
16240
16252
16176
16072
16176
16316
16144
16120
16176
16260
16288
16132
16284
16080
16124
16216
16080
16168
15968
16340
16192
16072
16008
16128
16068
16048
16236
16160
16060
16276
16096
16212
16184
16140
16220
16260
16136
16116
16152
16308
16200
16068
16260
16228
16076
16200
16232
16044
16144
16112
16272
16268
16244
16152
16220
16176
16156
16076
16116
16232
16360
16092
16284
16452
16068
16140
16252
16324
16168
16900
18936
17308
15864
13028
13104
12296
9460
7172
7960
5996
1812
3192
1712
2736
1292
464
468
360
-1464
-492
-2428
-1244
-1928
-2036
-1752
-1992
-1860
-1880
-2648
-1996
-3056
-1892
-820
-1600
-1652
-2236
-992
-1320
-1916
-1660
-1452
-1640
-1276
-1660
-1912
-892
-3684
-5400
-6896
-8288
-10712
-11772
-13116
-14468
-15028
-15540
-17364
-18452
-17200
-18144
-17000
-16736
-16912
-17152
-16608
-16872
-16896
-17552
-16836
-17020
-17148
-16988
-17180
-17304
-16520
-17604
-16868
-17320
-17120
-17620
-17088
-17072
-17336
-17048
-17696
-17308
-17184
-17568
-17044
-17168
-17164
-17340
-17140
-17300
-18640
-19208
-19172
-18876
-19160
-14804
-18024
-13696
-14492
-13028
-12712
-8740
-9460
-6192
-6208
-3800
-2552
-600
-2328
-676
568
352
660
616
632
268
16
120
-28
-288
-184
-352
-280
-148
-156
76
-48
128
-72
-176
-288
156
-184
-124
-252
-436
-480
-716
-840
-1520
-1128
-1348
-1852
-2648
-2020
-2164
-2984
-1928
-2572
-776
1160
4640
7504
11712
12916
13800
15132
13332
15980
15036
16384
17124
18348
17820
19256
18300
16684
16524
