-196
-372
-332
-184
-176
-304
-172
-384
-132
-412
-248
-388
-176
-408
-432
-224
-384
-180
-324
-388
-184
-344
-144
-588
-92
-144
-304
872
-156
-96
-400
-100
-2316
-5288
-6348
-6708
-10812
-9784
-12528
-12696
-13976
-15692
-15612
-15472
-17088
-15632
-15028
-16376
-15472
-15724
-15512
-16592
-15296
-15612
-15428
-15768
-15304
-15564
-15364
-15664
-15216
-15396
-15264
-15352
-15336
-15392
-15448
-15404
-15660
-15896
-15612
-16120
-16156
-15960
-15292
-15124
-14596
-13868
-13668
-12980
-12084
-9768
-7720
-5728
-4484
-3296
-3632
-1916
-1644
-1560
-964
-216
-340
-128
-480
-272
-152
-496
-524
-56
-344
-336
-440
988
3476
7704
8256
9584
10712
11436
12356
