16144
16188
16188
16044
16144
16216
16264
16104
16180
16128
15988
16144
16080
16248
16160
16212
16208
16248
16124
16204
16052
16244
16236
16104
16128
16112
16200
15812
16172
16044
16176
16368
16800
16916
14456
13132
11344
11544
9308
7556
5728
4960
3472
3032
-2656
1736
-500
-1636
-444
-1844
-1540
-1304
-1696
-2796
-2148
-3448
-2816
-3568
-3240
-3832
-3308
-4256
-3716
-4200
-3936
-4112
-4064
-4268
-3684
-3252
-2088
-1416
-792
-20
812
1964
4432
5480
7468
8780
10032
11296
13540
14628
15404
15244
16512
15308
15972
15820
16756
16320
16100
16144
16164
15756
16232
16428
15984
16192
16172
16192
17012
18136
17552
14440
13228
12060
11740
10132
