-0.009
-0.010
-0.014
-0.007
-0.013
-0.015
-0.005
-0.012
-0.008
-0.008
-0.005
-0.010
-0.012
-0.019
-0.008
-0.013
-0.009
-0.012
-0.014
-0.005
-0.009
-0.008
-0.005
-0.007
-0.010
-0.018
-0.007
-0.016
-0.004
-0.010
-0.009
-0.013
-0.006
-0.012
-0.009
-0.005
-0.015
-0.004
-0.016
-0.007
-0.016
-0.008
-0.007
-0.012
-0.008
-0.015
-0.010
-0.007
-0.010
-0.005
-0.015
-0.016
0.000
-0.011
-0.016
-0.004
-0.010
-0.009
-0.009
-0.011
-0.005
-0.015
-0.007
-0.012
-0.013
-0.004
-0.013
-0.015
-0.008
-0.011
-0.010
-0.008
-0.018
-0.005
-0.010
-0.009
-0.013
-0.017
-0.009
-0.009
-0.048
-0.010
-0.000
-0.067
0.022
-0.074
-0.033
-0.158
-0.095
0.080
0.025
0.196
0.015
0.211
0.318
0.263
0.069
0.242
0.146
0.107
0.071
0.240
-0.013
0.067
-0.036
-0.001
-0.104
-0.038
-0.073
-0.066
0.107
0.044
0.071
-0.079
0.072
-0.108
-0.037
0.005
0.083
0.190
0.244
0.290
0.411
0.257
0.258
0.255
0.265
0.143
0.085
0.188
0.142
-0.236
-0.013
-0.138
-0.189
-0.415
-0.587
-0.584
-0.711
-0.670
-0.770
-0.647
-0.364
-0.217
-0.052
0.122
0.295
0.550
0.660
0.830
0.901
0.921
0.899
0.873
0.845
0.959
1.054
0.955
