0.032
0.029
0.033
0.029
0.032
0.025
0.022
0.024
0.033
0.025
0.027
0.032
0.027
0.024
0.029
0.026
0.031
0.027
0.030
0.028
0.025
0.030
0.024
0.029
0.032
0.030
0.021
0.023
0.025
0.028
0.031
0.024
0.033
0.021
0.030
0.024
0.025
0.028
0.025
0.023
0.026
0.026
0.025
0.029
0.026
0.024
0.022
0.022
0.026
0.026
0.023
0.028
0.028
0.024
0.022
0.031
0.028
0.021
0.022
0.027
0.025
0.026
0.026
0.026
0.028
0.031
0.025
0.027
0.024
0.022
0.028
0.031
0.020
0.025
0.025
0.027
0.026
0.025
0.024
0.027
0.041
0.038
0.034
0.120
0.047
0.078
0.180
0.159
0.140
0.048
-0.326
-0.312
-0.206
-0.340
-0.317
-0.260
-0.044
0.008
0.250
0.071
0.446
0.144
-0.013
0.076
-0.124
-0.159
-0.467
-0.431
-0.557
-0.481
-0.582
-0.320
-0.513
0.022
-0.096
0.269
0.187
0.437
0.368
0.367
0.231
0.066
-0.230
-0.124
-0.512
-0.422
-0.551
-0.510
-0.598
-0.466
-0.532
-0.319
-0.415
-0.291
-0.604
-0.149
-0.522
-0.181
-0.314
-0.153
-0.245
-0.148
-0.202
0.064
-0.167
0.040
-0.050
0.024
-0.061
-0.007
-0.086
-0.070
-0.041
-0.062
-0.001
-0.172
-0.089
