0.989
0.996
0.990
0.990
0.988
0.987
0.990
0.988
0.983
0.991
0.980
0.987
0.984
0.989
0.987
0.984
0.992
0.986
0.987
0.985
0.998
0.987
0.981
0.981
0.986
0.998
0.988
0.987
0.991
0.979
0.989
0.988
0.988
0.991
0.985
0.987
0.979
0.989
0.993
0.992
0.981
0.984
0.987
0.986
0.977
0.982
0.986
0.990
0.981
0.983
0.981
0.988
0.987
0.990
0.989
0.984
0.980
0.990
0.987
0.985
0.981
0.988
0.986
0.985
0.982
0.989
0.988
0.995
0.987
0.992
0.982
0.985
0.982
0.989
0.989
0.983
0.987
0.993
0.974
0.992
0.989
0.970
1.005
0.973
1.088
1.009
0.987
1.018
0.956
0.942
0.872
0.869
1.078
0.934
0.904
1.001
0.979
0.837
0.852
0.831
0.990
0.871
1.099
0.936
0.955
0.928
0.879
0.988
0.866
0.949
0.806
0.966
0.942
0.849
0.918
0.872
1.070
1.012
0.993
0.924
0.934
0.873
0.819
0.940
0.907
0.891
0.797
0.882
0.898
0.867
0.793
0.906
1.089
0.749
1.083
0.786
0.808
0.652
0.585
0.482
0.506
0.667
0.801
1.000
0.899
1.072
0.848
0.926
0.664
0.784
0.547
0.670
0.352
0.518
0.224
0.150
0.231
